            ['股本', '万股']  一年内到期的非流动资产  交易性金融资产   其他应付款    其他应收款    其他流动资产  \
科目\时间                                                                       
2017-06-30      17772.51         3.13     0.00  895.56  1553.58  50694.65   
2017-03-31      17772.51         4.57     0.00  515.84  1086.10  12981.29   
2016-12-31      13322.51         0.18     0.00  919.72   709.69  17706.41   
2016-06-30      13322.51        11.57     0.00  644.13  1269.07  20332.89   
2015-12-31      13322.51       105.00     0.00  564.90  1210.86  12344.49   
2014-12-31      13322.51       129.25     0.00  443.35  1253.28  12036.42   
2013-12-31      13322.51         3.93     0.00  403.16   849.41  16203.47   
2012-12-31      13322.51        41.25     0.00  534.19   868.37    219.48   
2011-12-31      13322.51         0.00     0.00  556.19   276.74      0.00   
2010-12-31      13193.51         0.00     0.00  274.67   369.09      0.00   
2009-12-31        500.00         0.00   374.35  225.85  1963.06      0.00   

            可供出售金融资产       商誉      固定资产     在建工程   ...     递延所得税负债  递延所得税资产  \
科目\时间                                              ...                        
2017-06-30      20.0  2438.09  22375.71   595.36   ...       12.62   827.93   
2017-03-31      20.0  1571.13  21967.72   267.00   ...       14.31   596.09   
2016-12-31      20.0  1571.13  20755.75  1200.73   ...       18.05   664.30   
2016-06-30      20.0  1571.13  20348.91   150.97   ...       17.32  1506.77   
2015-12-31      20.0  1571.13  15427.70  3289.40   ...       22.06  1728.59   
2014-12-31      20.0     0.00  14344.62   853.75   ...        0.00  1136.64   
2013-12-31      20.0     0.00  13198.67   321.16   ...        0.00   787.44   
2012-12-31      20.0     0.00   6856.62  4276.23   ...        0.00   632.28   
2011-12-31       0.0     0.00   2694.20   485.20   ...        0.00   331.30   
2010-12-31       0.0     0.00   1701.26     0.00   ...        0.00   295.39   
2009-12-31       0.0     0.00   2758.64     0.00   ...        2.12   189.52   

              长期借款   长期待摊费用   长期股权投资  非流动负债合计   非流动资产合计     预付账款     预收账款  \
科目\时间                                                                       
2017-06-30  2750.0  2064.96   872.54  5934.41  43903.86   905.80  2555.22   
2017-03-31  2875.0  1975.50     0.00  5758.01  40344.29  1331.14  1594.69   
2016-12-31  3000.0  1982.22     0.00  5994.19  38988.07  1289.23  1529.65   
2016-06-30  3000.0  1794.11     0.00  6044.18  38159.76   996.69  2261.69   
2015-12-31     0.0   286.50     0.00  3268.23  32865.31  1112.00  1020.52   
2014-12-31     0.0   530.44  1708.48  2231.03  29025.93   508.06   738.23   
2013-12-31     0.0  1144.09  1702.06  2945.81  28988.25   504.33   768.72   
2012-12-31     0.0  1553.73     0.00  2793.96  21415.74   462.52   740.31   
2011-12-31     0.0   668.66    20.00   547.50  13292.35  1697.95   838.52   
2010-12-31     0.0   788.28    20.00   376.19   9077.07   510.36   820.48   
2009-12-31     0.0   109.82     0.00   237.66   5675.18   149.10   371.23   

               预计负债  
科目\时间                
2017-06-30   880.17  
2017-03-31   812.76  
2016-12-31   783.76  
2016-06-30   655.29  
2015-12-31   586.92  
2014-12-31   470.22  
2013-12-31  1062.47  
2012-12-31  1071.52  
2011-12-31   547.50  
2010-12-31   376.19  
2009-12-31   235.54  

[11 rows x 42 columns]
            其中：联营企业和合营企业的投资收益   其他综合收益       净利润      利润总额  归属于少数股东的综合收益总额  \
科目\时间                                                                        
2017-06-30               0.00 -13.9400   4641.40   7142.29         1897.94   
2017-03-31               0.00   0.3500   1515.68   2427.65          580.45   
2016-12-31               0.00  35.5800  10967.69  17190.28         4116.20   
2016-06-30               0.00  14.2700   4317.09   6115.50         1256.35   
2016-03-31               0.00  -2.4100   1281.66   1853.92          305.61   
2015-12-31              91.64  27.5700   5657.94   6776.84          852.59   
2014-12-31               6.43   1.2300   3768.69   4085.87          267.54   
2013-12-31            -116.12  -8.3100   2364.65   2767.95          385.52   
2012-12-31               0.00  -0.2200   7407.19   8537.58          227.11   
2011-12-31               0.00  -4.3800  10534.63  12463.95           80.73   
2010-12-31               0.00  -0.2700   4030.03   4616.16         -172.50   
2009-12-31               0.00  -0.0017   6407.62   6902.01          -76.06   

            归属于母公司股东的综合收益总额      所得税     扣非净利润    投资收益      管理费用   ...     \
科目\时间                                                              ...      
2017-06-30          4629.43   600.99   4200.99  301.48   9264.06   ...      
2017-03-31          1516.39   331.16   1202.04  139.91   4451.29   ...      
2016-12-31         10999.98  2109.69   9409.48  655.08  15551.57   ...      
2016-06-30          4330.18   543.25   3704.45  380.08   7217.58   ...      
2016-03-31          1279.45   266.45    948.82  101.68   3395.69   ...      
2015-12-31          5683.57   268.25   4782.94  819.19  11846.24   ...      
2014-12-31          3769.83    49.73   2225.08  670.07   9381.50   ...      
2013-12-31          2356.86    17.25   1452.61  641.02   8749.56   ...      
2012-12-31          7406.89   903.37   7273.58  876.13   8066.92   ...      
2011-12-31         10530.31  1848.52  10769.86    0.00   6080.80   ...      
2010-12-31          4029.75   758.65   7445.39  -93.11   7860.66   ...      
2009-12-31          6407.62   570.45   5763.45  177.20   2150.84   ...      

             营业外支出    营业外收入      营业总成本      营业总收入      营业成本       营业收入  \
科目\时间                                                                    
2017-06-30  139.41    53.64   56818.06   63091.65  43586.45   63091.65   
2017-03-31   40.20   456.27   24042.47   25914.14  17989.88   25914.14   
2016-12-31   67.54  1688.18  100504.27  115418.83  76444.81  115418.83   
2016-06-30   26.90   511.95   45737.01   50987.39  34544.97   50987.39   
2016-03-31   22.27   327.20   18889.29   20336.61  14171.52   20336.61   
2015-12-31   92.79   578.40   75822.51   81294.54  57708.07   81294.54   
2014-12-31   22.14   390.75   60404.55   63451.74  47298.42   63451.74   
2013-12-31   24.34   451.96   51318.81   53018.13  39325.46   53018.13   
2012-12-31   14.13   204.09   64728.72   72200.20  52709.77   72200.20   
2011-12-31   12.21   282.82   64280.45   76473.79  56175.02   76473.79   
2010-12-31   12.10   131.15   47250.40   51840.62  38735.00   51840.62   
2009-12-31   61.76   193.22   29911.12   36485.20  26873.44   36485.20   

            营业税金及附加    财务费用  资产减值损失     销售费用  
科目\时间                                         
2017-06-30   364.68  184.97   48.37  3369.54  
2017-03-31   185.66  111.57 -198.47  1502.53  
2016-12-31   597.06  704.52  456.91  6749.39  
2016-06-30   277.40  246.92  328.55  3121.59  
2016-03-31   134.22  -81.93   91.87  1177.93  
2015-12-31   447.29  293.29  778.73  4748.90  
2014-12-31   279.48   63.27  406.03  2975.85  
2013-12-31   291.92  -88.46  136.19  2904.14  
2012-12-31   594.05 -171.70  199.85  3329.82  
2011-12-31   279.02 -842.28  335.28  2252.61  
2010-12-31    56.00 -242.56 -147.18   988.48  
2009-12-31    40.06 -132.13  447.89   531.00  

[12 rows x 22 columns]
            偿还债务支付现金  其中子公司吸收现金  其中子公司支付股利  分配股利、利润或偿付利息支付的现金   取得借款的现金  \
科目\时间                                                                     
2017-06-30   7250.00        0.0        0.0             127.03      0.00   
2017-03-31   7125.00        0.0        0.0              91.34      0.00   
2016-12-31   2000.00        0.0        0.0             465.07  10100.00   
2016-06-30      0.00        0.0        0.0             177.26  10000.00   
2016-03-31      0.00        0.0        0.0              55.99   7000.00   
2015-12-31   1500.00        0.0       98.0             178.11   2000.00   
2014-12-31      0.00        0.0      245.0             277.06   1500.00   
2013-12-31      0.00       30.0        0.0               0.00      0.00   
2012-12-31      0.00        0.0        0.0               0.00      0.00   
2011-12-31      0.00      490.0        0.0               0.00      0.00   
2010-12-31   1076.90       40.0        0.0            4632.62      0.00   
2009-12-31    525.86        0.0        0.0            1829.53   1076.97   

            吸收投资收到现金  处置固定资产、无形资产的现金    投资支付的现金     投资现金流入     投资现金流出  \
科目\时间                                                                   
2017-06-30  51299.43            0.15  144120.80  111249.47  147085.88   
2017-03-31  50745.72            0.08   41392.00   46998.99   43232.93   
2016-12-31      0.00           13.11  162234.00  158525.21  169474.53   
2016-06-30      0.00            5.86   87386.00   80059.94   93589.46   
2016-03-31      0.00            4.85   42088.00   31756.53   42303.48   
2015-12-31      0.00           21.80   53577.00   55651.55   57267.21   
2014-12-31      0.00         1990.85   52979.00   59803.49   54221.87   
2013-12-31     30.00           15.63   68788.18   52202.77   74435.51   
2012-12-31      0.00            0.17  113930.00  116228.74  118378.70   
2011-12-31    773.80            0.00       0.00       0.00    6327.11   
2010-12-31  12040.00            0.00      24.86     451.24    3396.48   
2009-12-31      0.00            0.00       0.00    2541.75    5287.23   

                 ...        汇率变动对现金的影响  现金及现金等价物净增加额    筹资现金流入   筹资现金流出  \
科目\时间            ...                                                      
2017-06-30       ...            -74.46       9002.47  51299.43  8558.58   
2017-03-31       ...              1.68      49434.26  50745.72  7582.02   
2016-12-31       ...            138.97       3684.06  10100.00  2765.07   
2016-06-30       ...             58.11       1832.08  10000.00   377.26   
2016-03-31       ...              1.34        168.23   7000.00   221.99   
2015-12-31       ...            -54.57         44.22   2000.00  1678.11   
2014-12-31       ...            -32.29      -2507.30   1500.00   277.06   
2013-12-31       ...            -17.62     -18182.22    368.82     0.00   
2012-12-31       ...             20.26       4294.05   3133.02   338.82   
2011-12-31       ...            -49.45       7059.00   1388.93  1662.15   
2010-12-31       ...            -16.46       8104.68  14829.47  8095.51   
2009-12-31       ...             -1.35       2307.25   3018.54  5144.85   

            筹资现金流量净额    经营现金流入    经营现金流出  经营现金流量净额  购建固定资产和其他支付的现金  \
科目\时间                                                                
2017-06-30  42740.85  54388.91  52216.43   2172.49         2965.08   
2017-03-31  43163.70  25104.89  22602.07   2502.83          286.93   
2016-12-31   7334.93  98036.75  90877.27   7159.48         7240.53   
2016-06-30   9622.74  49264.98  43584.23   5680.76         6203.46   
2016-03-31   6778.01  22829.41  18893.58   3935.83          215.48   
2015-12-31    321.89  69280.12  67887.56   1392.56         3690.21   
2014-12-31   1222.94  52458.82  61738.40  -9279.57         1242.87   
2013-12-31    368.82  53726.04  50026.72   3699.32         5647.33   
2012-12-31   2794.20  63255.52  59625.97   3629.55         4448.70   
2011-12-31   -273.23  63787.75  50078.97  13708.78         6327.11   
2010-12-31   6733.95  41253.03  36920.61   4332.42         1073.29   
2009-12-31  -2126.32  28143.35  20962.96   7180.39         2703.36   

            销售商品、提供劳务收到的现金  
科目\时间                       
2017-06-30        53361.31  
2017-03-31        24535.34  
2016-12-31        94224.56  
2016-06-30        47455.92  
2016-03-31        21531.92  
2015-12-31        66392.92  
2014-12-31        51253.69  
2013-12-31        51614.72  
2012-12-31        60956.59  
2011-12-31        62274.20  
2010-12-31        38173.52  
2009-12-31        27280.93  

[12 rows x 27 columns]
